0827059046724
04260194358325
4260194358325
4260194358325
4260194358325
4260194358325
4260194358325
1478529763529
1478529763215
1478529763512
1478529763581
1478529763611
1478529763598
1478529763598
1478529763598
1478529763413
1478529763413
1478529763406
1478529763406
1478529763406
1478529763406
1478529763406
1478529763420
1478529763420
1478529763420
1478529763420
1478529763420
1478529763604
1478529763604
1478529763604
1478529763604
1478529763604
1478529763604
1478529763604
1478529763604
1478529763352
1478529763352
1478529763352
1478529763482
1478529763482
1478529763482
1478529763482
1478529763482
1478529763475
1478529763475
1478529763543
1478529763543
1478529763543
1478529763543
1478529763369
1478529763369
1478529763369
1478529763369
1478529763345
1478529763345
1478529763345
1478529763345
1478529763536
1478529763536
1478529763536
1478529763536
1478529763536
1478529763536
1478529763536
1478529763536
1478529763550
1478529763550
1478529763468
1478529763468
1478529763468
1478529763468
1478529763468
1478529763468
805538561197
1478529770961
1478529763284
1478529763284
1478529763284
1478529763284
1478529763307
1478529763307
1478529763307
1478529763307
1478529763185
1478529763185
1478529763185
1478529763185
1478529763192
1478529763192
1478529763192
1478529763192
1478529763192
1478529763192
1478529763222
1478529763222
1478529763222
1478529763239
1478529763239
1478529763239
1478529763239
1478529763239
1478529763239
1478529763185
1478529763185
1478529763185
1478529763185
1478529763185
1478529763185
1478529763208
1478529763208
1478529763246
1478529763246
1478529763246
1478529763246
1478529763246
1478529763246
1478529763246
1478529763222
1478529763222
1478529763222
1478529763222
1478529763222
1478529763222
4040333424551
1478529628613
5903240380008
5903240380046
5902838320082
5902838320082
5903240380046
5903240380169
5903240380046
5903240380008
5903240380008
5903240380008
5903240380046
5902838320181
5902838320181
5902838320181
5903240380008
5903240380008
5903240380008
5903240380008
5903240380008
5903240380008
4260194350350
4260194350350
4260194350350
4260194350350
4260194350350
4260194350350
4260194350367
4260194350367
4260194350367
4260194350367
4260194350367
4260194350367
4260194350367
4260194350343
4260194358318
4260194350343
4260194350343
4260194350336
4260194350336
4260194350336
4260194350336
4260194350336
4260194350336
4260194350343
4260194350343
4260194350343
4260194350343
1478529702696
1478529702726
1478529766940
1478529766926
1478529766704
1478529766896
1478529766902
1478529766919
1478529766957
1478529766612
1478529766933
1478529766964
1478529766667
1478529766711
805538592788
805538587982
805538602289
888961589228
888961587385
889049546089
632059928174
632059928174
889049404907
632059928174
632059928181
632059928174
632059928181
632059928181
889049404914
889049404495
889049404723
889049404723
632059928181
889049405454
889049404525
889049581509
841049121383
889049581509
889049581516
889049581547
889049581547
889049581530
889049404723
889049404730
889049581509
889049581509
886745309451
889049581509
889049581509
889049581509
889049581547
889049581509
886745309451
714636978120
842852135666
842852135727
841049121383
841049121383
714636978137
886745309451
889049405058
632059930191
889049405058
889049405058
889049405058
889049405058
889049405058
889049405058
889049405058
889049405058
889049405058
889049405669
889049405669
1478529763468
1478529702719